1 1 1 2 3 3 3 3
100
1 1 2 2 2 2 3 1
3 2 3 1 3 3 2 3
1 1 2 1 1 2 1 3
2 2 1 1 3 1 2 3
3 2 3 3 2 3 1 3
2 2 3 1 1 2 2 3
3 2 2 3 1 3 3 2
2 2 1 3 2 3 1 2
2 2 3 2 3 3 2 2
1 2 3 1 3 3 2 3
3 2 1 1 1 3 2 2
2 3 3 1 3 2 2 1
1 2 1 2 1 3 3 2
1 3 1 2 1 3 3 2
1 3 3 2 1 3 2 1
2 2 1 3 1 3 3 1
1 2 2 2 1 1 1 2
3 3 2 1 1 1 3 3
2 3 2 2 2 2 2 2
1 3 1 1 3 2 2 2
3 3 1 2 1 3 3 1
3 3 3 2 1 1 3 1
3 1 2 3 1 1 2 1
2 2 1 2 3 1 2 1
2 3 3 1 2 2 1 3
2 1 2 1 1 1 2 1
2 2 3 1 3 3 1 3
2 1 2 3 3 3 1 3
1 2 2 2 2 1 1 1
3 1 2 2 2 2 1 1
1 2 3 1 3 1 1 1
2 3 1 2 2 1 3 1
3 1 2 3 1 2 3 2
3 1 1 1 3 2 2 1
2 3 3 2 3 1 3 3
2 3 1 2 3 1 3 2
3 2 3 2 1 2 3 3
3 3 1 1 3 1 2 1
3 2 2 2 2 1 1 1
2 2 2 1 1 3 1 3
3 3 2 2 1 1 3 3
3 1 1 2 3 2 2 3
3 1 3 2 3 1 3 2
3 1 1 2 1 1 2 3
1 1 1 3 3 2 1 3
1 3 1 3 1 2 2 3
1 2 2 3 3 2 2 3
2 3 3 1 2 3 3 1
1 2 1 2 1 2 2 1
1 1 2 3 3 1 1 2
3 2 1 1 3 1 3 3
2 1 3 2 3 1 1 1
3 1 2 3 1 2 2 2
3 2 1 1 1 3 3 1
2 3 3 2 1 3 1 2
2 2 1 2 1 2 1 1
3 2 3 1 2 1 3 1
2 3 2 1 2 1 2 1
2 2 1 3 2 1 3 2
3 1 3 1 2 1 3 1
3 2 2 3 1 2 3 1
2 1 2 3 2 3 1 1
1 1 2 1 2 1 2 2
1 3 3 3 3 1 1 1
2 3 2 2 3 3 1 3
2 2 1 2 3 3 3 1
3 1 1 2 2 2 3 3
3 1 1 2 1 3 2 1
2 3 2 2 1 3 3 1
1 3 1 1 3 1 2 2
1 1 2 2 1 2 3 3
2 1 1 1 3 2 2 2
3 3 3 2 2 3 3 1
3 3 2 3 3 3 1 3
1 2 1 3 3 2 2 2
1 1 1 3 1 3 1 2
2 2 2 2 2 3 1 3
3 2 1 2 3 1 3 3
1 3 1 3 2 2 3 3
2 2 3 1 1 1 1 1
3 1 3 1 1 2 3 3
3 2 3 1 1 3 1 3
3 1 2 3 1 3 3 3
2 1 3 2 2 1 2 1
2 1 3 2 2 1 3 2
2 2 2 1 1 3 1 3
1 1 1 3 2 2 1 3
1 1 2 3 1 2 3 3
3 2 3 3 3 2 2 2
3 3 3 1 1 1 1 1
1 1 2 2 3 2 2 3
3 3 1 2 1 1 1 1
1 3 2 1 1 3 3 1
1 2 1 2 3 2 2 1
1 2 1 2 3 2 1 3
2 3 1 3 2 1 1 1
2 2 3 3 3 1 3 1
3 2 1 2 3 3 3 1
2 1 2 2 1 3 3 3
1 3 2 3 3 2 3 3
9
99
15
95
85
35
65
40
27
52
