100 150
6 46
82 28
62 92
96 43
28 37
92 5
3 54
93 83
22 17
19 96
48 27
72 39
71 13
69 100
36 95
4 12
23 34
74 66
43 12
54 69
48 45
64 58
38 60
24 43
30 80
17 36
91 43
89 7
41 43
66 49
47 6
91 30
71 51
7 2
94 49
30 24
85 55
57 41
67 77
32 9
45 40
27 24
38 39
19 83
30 43
34 16
40 60
5 31
78 7
74 87
22 46
26 73
71 30
78 74
98 13
87 91
62 37
56 69
56 75
32 53
51 52
43 26
67 31
8 92
8 38
58 88
54 84
46 10
10 60
22 89
23 47
7 31
14 69
2 92
64 56
11 60
26 38
49 84
96 43
3 51
92 37
75 21
97 22
49 100
69 85
82 36
54 100
19 39
2 89
28 69
29 94
49 84
8 22
11 18
14 15
10 17
36 52
2 50
20 57
99 4
26 9
45 10
90 3
96 86
94 44
24 88
15 4
49 2
60 19
81 97
99 82
90 99
10 58
73 23
39 93
39 80
91 58
60 92
16 89
57 12
3 36
73 56
29 47
64 87
76 34
71 43
45 17
82 99
23 52
22 100
58 77
93 90
76 13
2 11
4 71
62 89
2 90
56 24
3 86
83 86
89 27
18 58
33 34
71 55
22 90
77 30
69 93
26 56
36 50
43 13
