999 4999
324 625
955 469
621 255
536 588
821 334
231 20
850 642
5 736
199 507
97 358
554 590
344 513
456 226
473 625
602 816
813 297
609 819
38 185
493 646
558 306
45 204
209 687
967 199
836 911
176 523
219 637
297 76
350 670
389 891
894 462
899 163
868 419
903 31
333 670
33 706
561 505
920 414
81 723
603 513
25 896
879 703
415 799
271 440
8 596
207 296
116 458
646 782
842 963
175 158
747 207
996 361
371 721
447 566
438 566
449 522
176 79
741 757
156 436
296 23
704 542
572 455
886 962
194 219
301 437
315 122
513 299
469 760
134 713
348 692
793 276
318 380
217 74
913 819
834 967
318 784
350 578
670 12
482 149
220 243
138 164
541 471
185 477
57 681
319 466
271 45
181 540
750 670
200 322
479 51
172 33
806 916
976 399
214 629
504 419
324 850
365 900
397 180
845 99
495 327
526 186
791 303
765 672
210 999
106 490
243 635
807 104
559 628
545 926
35 3
75 196
35 460
523 621
749 45
501 143
240 318
78 909
207 369
436 6
285 200
236 864
731 787
916 673
294 563
141 708
698 646
48 128
603 716
681 330
389 490
683 616
876 510
20 493
141 176
803 106
93 928
20 762
203 336
586 258
56 782
172 115
890 104
595 491
608 490
628 653
635 961
449 549
909 977
124 621
741 275
206 559
266 269
209 125
37 347
41 802
419 574
175 542
820 939
219 785
946 873
681 843
931 731
977 596
374 21
490 202
86 446
306 773
377 327
484 114
136 902
821 873
475 451
7 412
425 547
143 733
848 389
79 380
842 500
577 240
628 367
535 371
367 295
893 391
909 37
647 123
730 715
597 66
448 155
254 571
566 941
319 885
66 979
588 764
661 990
479 385
555 967
610 487
912 647
78 872
680 952
226 165
778 518
764 196
481 843
225 888
628 967
221 815
874 416
303 724
206 747
639 561
562 995
187 731
969 559
897 301
429 658
876 880
156 475
639 909
446 712
754 462
326 686
51 323
876 93
831 611
19 947
141 726
183 855
61 515
714 110
517 592
17 161
373 334
670 767
67 270
336 769
204 613
291 194
532 833
799 629
322 4
567 586
587 659
475 571
156 272
841 204
622 84
236 692
223 17
850 608
416 776
674 455
56 89
86 805
514 995
294 872
637 504
243 686
712 367
20 194
517 259
177 568
627 934
599 712
850 243
752 231
981 541
305 435
120 259
598 662
975 882
936 87
567 741
564 697
771 278
528 999
318 961
868 559
269 535
347 898
611 352
155 497
180 113
599 793
931 121
438 531
612 996
30 571
29 565
373 91
946 650
432 491
55 686
591 355
609 93
243 760
984 909
161 692
957 856
452 646
749 95
541 805
55 259
201 47
863 656
236 764
943 363
291 791
949 970
342 759
437 47
377 33
572 507
603 525
982 367
84 931
159 228
970 98
447 621
200 454
437 712
647 842
396 124
582 54
752 172
845 1
265 659
961 869
503 357
37 134
249 859
640 14
670 191
710 653
668 656
905 365
438 466
23 270
256 460
320 652
330 271
149 136
330 218
138 54
230 102
340 876
75 180
393 280
916 680
674 936
917 565
518 973
285 667
706 224
408 930
836 389
882 280
28 642
995 34
967 791
531 405
718 339
706 595
736 944
57 417
493 241
521 972
963 500
517 295
962 898
59 715
985 291
134 232
580 823
350 43
243 318
111 956
102 731
510 799
389 845
977 548
134 681
128 924
97 789
3 151
986 718
140 19
955 806
725 385
29 210
803 208
77 887
996 73
345 890
180 310
201 846
686 645
680 602
313 698
692 111
127 262
694 530
706 873
451 414
836 823
525 754
696 117
709 984
342 692
28 674
737 71
339 436
920 903
142 965
778 794
452 559
811 281
328 608
939 332
505 14
158 658
140 837
89 580
303 315
28 182
56 371
723 249
499 726
138 145
456 967
747 734
3 55
295 487
257 450
946 877
677 531
515 218
470 660
172 35
148 411
51 929
658 488
609 839
104 858
322 615
286 820
371 469
896 541
344 580
771 577
359 416
450 917
854 865
843 255
454 942
659 230
545 952
591 163
188 658
696 793
385 787
415 170
723 973
210 590
647 692
91 540
533 476
631 549
248 583
907 475
577 992
176 555
562 487
331 955
379 348
948 921
757 353
356 280
406 645
745 193
624 969
155 508
351 15
355 626
694 981
634 599
301 93
162 392
681 203
886 850
425 580
256 656
204 839
944 645
943 310
429 571
809 593
233 482
617 612
76 176
910 91
523 331
715 583
605 175
204 986
386 59
295 446
539 433
805 788
941 576
187 417
511 770
876 367
917 285
465 475
979 848
149 574
599 799
631 226
622 959
360 755
484 14
684 463
443 919
772 973
433 420
910 241
771 461
210 516
324 959
952 833
175 720
379 710
809 561
587 6
451 28
303 249
361 379
612 975
737 1
41 791
230 143
215 880
510 934
330 493
697 985
656 542
694 692
100 14
229 791
845 736
456 887
708 630
722 40
420 551
518 193
269 262
470 336
525 859
155 114
674 178
204 456
885 682
493 288
731 813
653 498
993 853
926 471
183 891
796 703
379 383
608 833
240 33
212 612
190 330
55 342
211 70
934 497
673 561
658 261
221 870
809 308
745 620
477 136
454 847
740 507
882 890
949 883
267 773
643 617
487 664
90 789
828 299
510 455
372 108
594 389
841 369
344 75
937 522
446 864
773 737
830 611
849 914
15 336
382 381
276 816
615 262
659 450
545 216
268 501
267 677
38 868
190 117
833 680
533 872
499 662
921 228
874 1
723 924
798 602
944 577
344 501
900 548
493 544
500 200
281 37
562 850
842 530
788 548
572 824
820 406
224 563
600 7
3 287
74 214
622 519
840 308
810 590
592 172
440 516
160 454
937 82
391 37
995 219
484 522
386 640
211 87
737 625
40 791
68 903
195 700
730 953
478 744
959 820
865 407
476 637
916 602
158 685
208 60
402 617
248 521
24 680
243 902
275 528
791 118
652 113
305 926
694 190
593 84
605 763
23 753
106 999
681 701
782 920
796 581
97 622
179 255
959 522
179 61
203 979
931 755
658 997
148 463
609 544
645 946
880 807
485 935
155 724
101 826
976 884
661 79
237 561
497 258
191 972
207 403
211 114
69 93
516 271
591 100
895 155
616 979
448 172
6 503
776 156
337 879
237 301
35 460
905 385
551 887
842 659
239 190
712 487
328 545
383 467
233 656
299 785
220 454
694 495
459 31
645 865
283 789
380 516
873 454
112 469
212 129
761 837
314 308
48 480
963 153
337 145
389 776
889 24
87 263
929 646
645 917
162 247
752 709
946 704
457 816
986 214
876 390
722 584
593 269
480 303
553 379
183 292
702 129
662 483
180 532
992 115
491 386
256 917
689 814
405 63
993 330
190 447
668 306
224 605
965 209
199 185
400 714
52 718
545 803
140 3
981 8
639 20
643 689
178 924
955 110
148 415
215 797
501 219
433 731
291 830
443 93
319 584
333 275
396 458
210 522
365 845
104 458
160 303
279 698
905 338
343 622
690 407
776 52
433 6
544 555
69 410
363 303
680 185
107 602
999 772
514 226
511 500
477 681
764 127
100 115
539 252
968 803
877 115
660 347
616 108
97 883
433 728
990 255
244 93
797 59
563 946
803 684
272 680
964 98
390 886
728 862
706 985
475 731
76 833
574 166
608 850
913 451
383 584
909 984
102 839
808 234
519 91
346 89
68 525
749 555
495 798
117 889
359 84
425 708
978 687
147 612
494 186
344 416
243 12
35 155
467 782
69 743
23 941
537 258
45 396
741 724
668 305
339 772
173 917
310 663
3 224
136 816
680 690
656 762
59 62
4 51
280 104
432 830
752 257
95 237
674 883
775 501
21 69
596 510
351 280
345 547
687 15
621 736
301 963
251 499
204 613
979 983
805 12
276 156
511 224
63 91
948 799
10 805
987 984
13 125
819 592
673 138
704 459
12 549
611 233
847 859
380 572
51 294
830 739
504 612
633 252
209 716
791 385
331 386
729 569
440 469
629 496
758 38
845 181
40 64
397 747
295 902
610 667
826 741
270 340
145 313
371 178
629 628
248 99
747 14
333 763
252 615
160 865
992 475
824 625
756 510
367 985
164 712
243 653
248 910
764 499
953 400
305 859
741 571
88 634
193 83
411 134
749 463
709 793
292 303
689 868
150 143
750 47
153 598
749 106
577 818
77 923
802 436
140 585
890 913
206 104
728 817
497 72
355 338
307 997
96 595
202 803
522 243
909 57
81 692
929 33
201 498
697 147
501 13
105 663
545 650
24 842
739 862
853 594
425 987
903 25
970 859
258 357
706 716
523 167
698 355
908 662
432 412
839 722
176 944
156 431
897 395
287 217
733 888
666 743
228 590
377 45
608 819
274 477
458 894
203 553
77 569
533 647
110 49
244 235
79 73
572 645
469 993
465 415
544 992
846 983
567 539
528 54
622 830
392 934
458 332
279 817
413 144
777 667
593 319
972 91
590 260
359 894
501 114
755 251
733 296
631 10
369 663
283 67
355 668
480 328
716 10
13 584
427 912
142 28
374 759
217 723
212 199
47 389
965 849
477 362
385 946
979 737
82 411
94 532
473 737
131 81
160 533
584 107
169 734
247 855
63 134
90 390
572 802
490 761
754 519
876 413
510 111
380 706
82 57
537 120
565 860
860 40
248 933
502 658
609 493
645 907
199 226
630 371
826 212
667 874
886 664
921 291
440 791
43 283
868 699
917 921
749 894
712 279
761 66
400 939
645 98
6 160
43 650
604 176
650 192
884 414
308 454
712 510
637 204
104 262
466 664
857 661
66 917
653 295
7 811
236 479
299 682
330 19
183 443
899 734
647 733
572 888
685 682
264 407
684 798
621 857
227 499
311 280
77 431
176 612
814 275
292 28
517 5
141 712
531 464
131 206
548 847
484 634
413 764
126 948
493 645
587 512
625 181
754 549
678 559
498 577
942 389
777 758
772 449
288 95
728 404
38 772
404 579
301 811
210 946
168 121
694 240
708 694
660 507
990 264
883 659
161 962
670 907
625 475
462 625
144 446
733 173
884 440
396 992
827 405
721 896
984 339
252 703
823 690
59 502
944 842
834 107
433 767
607 610
491 203
507 164
608 868
837 908
459 41
822 374
993 28
115 507
97 440
847 583
692 421
670 17
670 131
196 104
107 414
283 706
760 393
158 528
303 893
451 569
876 833
916 443
653 910
485 894
950 287
292 51
799 827
869 523
941 798
160 279
698 350
351 23
741 320
981 598
377 73
113 946
178 301
827 737
587 717
51 4
916 170
720 701
559 76
957 123
262 140
840 884
850 648
398 217
665 287
676 884
105 787
483 250
924 546
638 224
301 132
155 403
88 401
190 757
507 957
160 741
458 674
680 597
731 8
728 969
891 19
467 121
685 41
153 517
8 306
947 291
822 66
668 686
689 120
887 66
900 291
625 922
81 947
842 720
633 549
972 787
701 466
99 266
841 461
233 810
241 336
287 153
909 55
183 869
662 90
921 893
930 113
431 48
208 129
422 782
773 423
689 798
706 805
845 902
622 104
762 216
563 17
110 51
637 455
620 398
279 699
127 941
507 95
373 112
441 613
830 333
294 999
356 559
834 637
500 841
801 247
104 47
839 558
990 449
815 656
23 338
136 961
64 528
863 726
782 540
707 819
412 153
861 278
184 653
348 588
190 114
77 596
941 436
658 791
38 440
972 268
757 385
151 513
16 602
962 125
504 983
457 793
31 443
870 82
101 481
429 709
558 381
273 680
291 551
533 772
475 536
762 125
920 454
972 421
593 533
493 431
517 515
469 404
278 431
637 57
365 477
183 675
977 526
538 251
491 773
905 787
659 478
765 687
531 291
169 571
730 119
261 412
720 634
43 346
68 369
402 478
158 497
845 788
946 658
745 290
802 120
339 337
67 33
487 241
733 862
37 479
287 978
807 659
737 67
408 340
643 136
336 641
186 819
973 175
885 708
696 799
14 225
122 559
502 386
955 895
793 362
397 281
446 160
591 590
519 959
912 330
170 432
129 471
79 351
851 983
344 638
310 609
837 151
469 9
493 358
528 387
310 410
194 142
320 934
597 443
942 889
37 485
937 987
999 515
596 823
885 393
391 431
236 175
710 583
319 868
692 185
481 278
797 245
699 51
142 597
339 690
407 55
179 602
763 553
689 345
816 391
10 603
626 494
652 775
397 637
737 946
278 933
625 148
501 740
307 419
870 470
851 618
837 879
869 297
187 307
67 360
148 234
482 440
571 264
451 712
383 47
712 273
355 294
883 211
992 185
539 885
992 899
895 545
484 814
559 818
274 653
523 582
320 161
86 155
271 596
861 715
483 975
159 106
950 180
515 104
561 698
839 516
314 258
559 614
322 733
422 634
815 816
776 859
191 598
127 421
299 977
229 540
834 208
714 728
19 933
700 684
230 25
780 396
973 939
51 791
652 535
962 240
129 648
269 864
143 605
841 343
153 116
430 565
498 158
946 447
837 317
541 639
941 930
59 243
228 766
908 266
297 343
806 555
454 33
566 696
280 460
385 646
654 943
59 994
863 263
541 794
809 323
270 78
762 12
490 591
263 586
191 456
210 310
307 124
356 64
365 76
37 70
43 81
750 821
643 857
443 385
715 926
663 365
641 336
90 883
622 5
588 667
687 605
865 406
140 316
725 876
478 355
165 964
420 224
513 931
430 8
674 808
206 628
853 285
733 975
43 791
728 274
837 708
508 178
862 834
306 927
979 19
650 899
350 301
51 273
941 883
992 925
319 646
878 504
558 145
352 778
262 999
201 611
972 30
887 66
528 618
531 176
258 269
948 912
197 458
195 258
752 511
230 113
466 238
123 586
876 637
28 158
720 607
561 256
873 778
588 985
710 406
71 307
827 231
165 617
38 642
833 28
397 674
367 699
327 342
52 336
643 476
415 348
108 127
854 71
554 924
297 479
385 874
899 992
877 332
417 458
928 485
475 259
646 653
549 243
841 947
704 430
608 3
94 210
645 105
52 144
547 865
24 912
654 720
319 123
725 425
947 911
650 41
953 54
999 759
853 916
471 665
647 379
49 579
368 827
78 909
249 590
913 422
306 79
741 269
755 23
12 185
723 873
111 191
423 935
874 328
477 927
203 332
967 112
770 798
668 313
274 731
266 946
635 241
602 193
995 470
163 33
701 516
38 865
539 841
372 656
221 315
943 706
950 611
280 591
301 275
150 400
425 192
48 177
27 393
301 697
894 898
16 124
485 946
507 839
295 921
805 992
311 905
502 104
551 788
324 194
94 248
892 850
254 931
266 470
515 175
112 258
238 953
117 291
381 429
274 162
658 987
257 148
741 908
725 200
168 377
365 930
126 582
100 848
602 420
515 839
666 907
873 769
749 257
593 955
728 539
805 237
633 223
385 941
234 556
113 301
488 710
988 433
502 769
504 806
440 150
117 324
962 136
143 542
680 862
296 559
990 681
95 685
753 429
771 31
436 710
88 934
723 355
513 158
850 324
959 556
59 839
916 785
613 34
609 123
807 641
3 975
562 283
259 155
77 437
724 689
121 52
799 255
414 694
976 787
724 984
444 962
479 33
882 514
355 196
683 78
28 894
412 694
158 396
141 516
582 505
279 16
782 291
521 241
21 342
941 827
1 717
463 306
247 496
512 823
643 645
701 996
367 147
155 40
617 896
707 869
977 712
990 741
645 760
450 696
532 734
899 612
286 712
648 100
28 824
826 850
665 626
923 696
777 145
581 553
908 290
650 737
94 365
743 12
656 820
511 851
60 933
463 498
105 185
155 80
417 834
770 359
931 12
936 220
533 266
368 607
319 900
986 469
86 593
744 6
885 853
355 360
443 826
773 68
512 775
59 803
535 172
613 938
874 495
252 233
234 508
516 194
68 86
661 634
40 754
728 924
931 869
151 100
45 923
294 528
687 346
769 60
422 899
952 3
855 800
306 227
605 296
355 136
694 17
740 33
556 226
553 992
717 501
400 776
350 964
211 712
531 391
413 57
251 516
507 788
158 674
856 517
98 280
134 275
863 701
214 687
170 217
999 862
889 8
926 319
972 709
243 275
475 422
248 431
115 937
323 361
591 285
794 848
886 334
828 682
168 365
603 45
337 155
578 209
219 674
878 80
650 946
828 301
470 981
652 441
33 307
572 8
692 632
728 385
672 356
343 654
523 61
148 380
438 498
920 533
803 207
129 240
48 86
530 496
595 33
729 773
345 393
148 841
517 336
595 519
278 873
305 307
369 66
16 188
782 525
584 762
66 742
677 602
551 566
437 393
55 566
911 140
324 988
71 801
252 241
456 469
656 831
862 389
474 881
701 994
196 143
654 245
752 37
47 997
272 847
965 551
973 597
153 273
365 312
888 54
207 21
296 674
479 208
494 266
724 238
19 946
639 82
537 159
535 674
285 79
650 819
54 148
10 166
933 336
183 206
670 381
416 371
28 999
351 800
803 336
538 885
912 214
794 698
565 306
809 866
368 324
47 391
764 994
739 537
57 111
823 938
610 801
639 212
86 140
396 435
115 616
457 3
650 199
66 771
598 910
301 645
193 438
350 900
889 721
864 401
656 210
857 204
831 153
760 690
632 611
261 161
881 155
347 992
821 922
584 508
618 224
455 267
982 551
972 709
542 187
615 273
182 469
776 519
977 97
389 179
953 554
326 51
479 218
597 281
749 233
208 140
334 721
842 620
87 416
653 206
361 473
944 93
17 348
600 629
220 523
661 72
659 138
886 6
12 902
125 322
69 3
917 918
977 505
762 210
579 214
851 200
712 884
130 225
265 733
873 100
55 145
635 793
887 149
571 149
502 726
170 193
352 328
820 528
107 699
236 972
658 346
160 130
680 757
575 659
956 931
263 924
301 501
895 787
99 209
728 431
105 236
498 995
291 535
947 674
6 458
12 463
248 643
87 658
86 247
810 12
846 681
565 324
503 955
752 923
479 956
435 225
696 800
602 857
702 569
254 487
481 755
358 670
196 159
271 469
863 535
686 322
215 143
298 538
736 696
40 301
339 259
490 332
877 215
494 532
128 204
823 920
868 791
276 200
477 372
278 876
880 31
181 855
466 701
105 38
990 535
317 40
315 209
18 176
776 699
919 397
37 38
460 757
422 395
484 86
788 787
390 817
523 365
1 102
729 967
755 914
190 113
670 88
767 522
270 5
643 696
939 254
819 93
298 203
528 413
33 987
555 134
226 253
709 593
571 575
260 373
942 686
379 93
306 415
984 541
621 893
56 677
149 530
793 816
391 288
294 724
93 988
525 566
519 571
475 201
446 218
639 383
87 697
927 361
362 817
176 31
772 342
715 538
661 279
203 83
322 868
551 431
160 997
972 861
333 582
787 493
706 992
172 81
731 515
733 435
98 717
678 783
547 276
650 596
517 977
15 190
197 223
656 854
458 949
295 426
457 324
531 404
351 91
485 176
944 134
613 449
495 160
153 616
497 243
410 398
883 330
519 858
248 857
897 551
134 801
617 487
403 460
125 290
112 128
536 605
721 571
515 769
266 618
984 371
897 817
872 712
52 260
336 438
30 106
479 892
457 739
586 101
407 874
306 330
40 542
604 728
981 68
110 183
45 186
685 313
749 1
238 533
235 326
607 502
426 521
736 881
828 568
577 145
34 680
740 336
116 200
494 332
367 96
992 104
988 386
292 734
773 415
436 283
177 499
798 247
642 883
723 145
968 725
89 124
770 615
814 140
840 191
536 224
47 346
482 172
186 165
365 752
225 510
317 602
542 984
704 95
210 402
427 332
724 869
544 566
630 839
645 195
444 830
185 641
914 537
426 648
443 694
389 708
876 961
856 165
921 12
641 296
385 104
355 919
68 682
93 626
549 142
470 986
877 57
420 45
591 214
794 422
696 567
778 769
430 868
559 463
831 33
451 122
749 446
937 809
895 73
207 84
992 535
654 223
423 38
747 318
21 941
82 9
204 9
267 923
908 153
847 817
112 920
303 271
10 307
336 925
630 377
685 742
744 451
287 232
480 163
995 373
470 513
310 544
352 465
716 193
662 168
677 972
929 583
487 666
596 995
629 221
818 551
851 231
720 556
981 175
780 645
320 744
134 551
423 992
449 605
713 615
569 685
123 898
374 946
23 654
868 641
629 870
733 181
156 604
158 336
879 833
773 926
401 793
132 94
694 544
330 126
168 59
429 306
587 990
661 162
250 608
504 800
469 475
172 475
770 142
218 703
642 212
840 71
243 502
507 613
515 9
555 350
117 615
763 654
197 66
533 408
38 526
910 452
3 661
254 64
194 745
390 794
61 545
484 569
176 86
629 200
209 228
608 23
322 800
425 379
402 571
256 687
179 33
621 203
817 680
629 611
251 747
287 172
449 291
332 736
454 175
592 572
220 265
897 713
67 755
990 553
782 776
818 226
591 972
91 285
818 608
868 398
290 898
845 820
645 330
338 911
658 34
413 475
919 7
360 23
367 848
956 479
438 377
337 80
114 621
303 150
41 343
269 134
982 180
528 155
616 569
580 859
93 147
40 76
203 967
854 769
554 70
351 280
396 888
454 721
117 274
559 83
440 813
54 752
130 795
920 209
49 342
63 772
588 422
138 367
91 287
365 798
891 437
324 704
406 261
734 59
294 457
696 986
102 970
367 412
654 175
741 846
957 605
114 66
498 798
902 965
129 127
402 583
765 591
949 528
749 861
469 615
857 316
67 793
233 591
484 96
404 170
622 955
483 941
385 775
706 33
250 318
386 476
199 221
685 999
627 949
224 285
473 545
356 224
554 656
166 73
800 815
355 862
929 247
689 756
456 968
611 113
29 291
259 749
316 430
690 551
285 395
556 350
87 226
853 577
166 360
760 645
239 602
404 555
749 56
363 484
31 536
947 647
5 776
270 582
637 957
140 765
571 310
602 104
379 259
741 202
431 108
397 756
47 914
775 177
495 747
421 782
336 793
769 274
474 93
860 41
772 776
118 983
460 371
134 15
337 674
740 944
608 131
585 884
993 438
15 83
305 105
702 929
127 878
653 850
454 385
604 14
857 881
240 972
454 680
55 777
278 122
90 677
278 683
159 929
180 880
800 51
440 542
770 37
880 959
310 64
689 819
196 613
150 95
40 921
577 357
392 312
444 880
559 698
544 648
874 818
826 776
728 86
88 497
916 834
999 224
164 824
846 390
456 178
836 463
776 250
981 554
298 962
399 653
38 132
43 530
415 499
678 83
523 217
563 631
153 81
14 285
773 466
323 515
929 270
425 55
440 596
138 47
848 100
635 967
747 923
926 259
190 153
810 785
34 498
902 630
218 158
776 787
616 950
237 438
887 481
749 969
340 830
249 431
446 717
168 175
826 47
280 392
729 175
419 93
232 208
667 207
777 272
64 592
99 663
830 427
726 224
571 127
312 43
41 533
216 836
936 51
544 700
907 110
95 794
25 437
817 652
749 897
21 455
782 793
952 214
873 972
963 933
574 674
518 949
363 603
411 700
810 202
294 507
741 815
868 463
876 279
215 357
156 465
662 367
558 902
826 837
261 197
647 79
367 782
642 93
990 114
808 379
377 55
191 513
237 742
756 55
946 701
371 878
429 696
140 487
344 260
107 396
12 441
749 143
685 646
499 839
24 167
909 168
153 461
878 395
776 346
193 672
129 812
161 996
628 600
20 523
820 234
295 572
268 473
361 842
389 290
422 179
687 84
740 785
380 298
924 45
466 306
935 839
51 348
582 313
544 618
190 10
789 411
822 79
699 287
306 916
662 356
474 130
533 18
853 578
24 69
821 791
339 926
68 308
253 265
160 59
687 809
464 500
780 407
841 250
301 699
728 525
814 718
638 333
833 739
324 314
973 501
186 977
149 542
798 854
12 749
541 88
296 861
383 981
45 663
435 247
191 156
699 260
81 873
430 56
591 250
156 190
248 547
160 380
978 706
458 680
723 805
699 477
134 887
211 456
562 643
408 853
12 122
414 933
20 142
82 591
530 373
475 224
985 184
13 993
834 398
108 611
910 672
535 536
487 21
934 959
836 40
88 681
736 294
193 983
716 869
956 851
501 159
733 459
853 16
933 244
49 626
528 298
420 205
872 985
568 628
271 346
94 562
132 365
254 186
482 475
579 229
939 782
878 283
308 369
240 868
45 379
77 420
828 815
423 888
656 787
916 294
858 700
90 558
517 967
187 344
652 696
946 15
45 947
963 243
499 446
663 194
182 868
699 235
641 666
816 432
163 916
195 827
662 330
501 186
551 571
877 736
597 957
474 250
203 541
181 761
935 210
165 273
318 411
225 752
725 377
823 569
591 177
389 270
769 765
134 839
62 86
994 754
138 202
346 978
80 777
81 192
168 7
708 604
943 733
283 877
761 95
990 259
62 1
214 682
196 166
512 531
207 848
134 218
622 789
275 75
460 500
739 107
673 404
386 919
76 178
232 141
160 799
990 884
28 839
905 350
680 311
493 704
862 620
412 969
519 511
493 833
55 376
953 505
653 199
613 566
59 121
952 497
253 91
218 656
660 372
625 385
286 10
452 621
37 183
674 677
423 379
163 975
299 893
653 613
234 210
731 326
755 559
249 728
698 794
798 204
658 903
66 926
205 694
94 773
856 551
291 435
256 431
165 846
556 372
285 478
868 482
604 399
963 516
255 441
280 962
776 591
446 764
633 134
350 621
48 275
380 359
553 759
662 532
512 818
111 752
225 775
332 84
625 15
596 239
227 863
703 868
326 299
769 706
270 396
158 873
265 667
785 266
279 794
214 370
537 490
374 1
175 5
728 113
110 425
299 401
148 653
206 216
542 637
907 510
438 923
797 357
824 514
976 558
616 110
404 858
900 478
83 510
757 290
682 685
96 706
638 899
120 690
541 129
447 538
252 379
723 153
955 604
531 206
585 144
33 95
456 736
586 833
897 694
924 380
147 749
553 161
306 858
379 280
795 361
191 963
132 140
841 347
645 975
111 158
565 962
920 571
114 564
105 23
404 598
551 51
597 470
370 919
518 25
77 955
574 685
842 893
395 52
627 793
807 448
19 9
397 569
1 580
48 736
689 147
315 487
38 301
837 447
563 530
19 771
898 267
612 905
400 540
612 791
245 3
706 433
632 226
685 155
117 793
853 459
100 525
665 653
508 153
992 498
273 975
476 496
449 800
367 843
985 536
285 261
782 313
131 361
855 697
959 326
236 898
253 776
622 701
216 10
814 259
914 668
967 253
481 221
262 959
621 955
47 739
436 392
650 484
995 889
716 740
274 717
454 617
290 950
663 51
55 701
330 892
381 626
233 993
553 795
591 574
283 712
553 833
814 739
190 706
939 902
368 292
211 193
990 93
734 68
761 767
190 496
156 754
893 868
789 249
330 692
618 101
186 219
604 128
491 78
259 588
726 104
88 718
673 235
586 690
483 845
373 475
561 583
717 367
478 312
275 96
184 609
251 620
86 599
624 558
469 216
449 967
646 27
81 12
890 156
513 407
957 817
883 615
25 379
964 280
87 305
857 238
205 469
320 437
270 6
753 878
469 580
72 908
513 229
76 784
620 889
564 459
902 551
603 863
172 526
572 69
596 413
626 3
811 417
982 484
741 413
870 78
941 626
765 694
466 294
923 878
140 597
857 490
586 632
367 515
511 891
342 730
9 435
199 141
944 229
519 316
437 822
370 561
257 33
291 440
770 426
204 158
853 664
438 167
607 675
731 291
680 565
398 294
850 387
314 231
474 104
138 312
13 460
772 565
516 305
739 80
812 461
221 511
694 700
76 385
283 520
784 737
38 465
190 4
773 717
438 678
389 860
566 479
454 976
128 547
943 368
919 179
310 454
201 656
114 941
862 260
462 429
734 625
72 933
93 337
355 893
763 306
608 350
664 449
64 248
607 791
287 181
172 721
501 487
299 730
694 47
817 138
315 89
716 551
793 136
608 392
96 210
604 968
575 443
13 674
880 176
905 5
819 519
156 520
149 268
392 500
740 104
886 582
136 15
389 138
736 661
361 294
224 588
801 944
256 640
718 240
659 287
848 523
340 789
64 14
343 729
685 956
878 420
737 990
544 347
138 29
365 733
500 593
889 572
721 336
744 661
811 48
484 530
780 706
373 220
4 461
301 28
306 114
868 733
562 581
286 446
672 496
63 585
902 861
571 130
656 868
55 656
51 430
962 481
175 334
765 63
417 551
955 345
107 211
188 602
283 395
433 902
25 638
344 290
766 100
68 59
419 97
933 597
314 741
827 544
228 620
93 999
664 195
776 689
467 914
641 414
541 500
181 526
158 975
441 136
420 733
510 777
351 197
845 283
10 764
737 342
860 593
452 535
834 330
151 692
490 713
360 577
507 592
249 760
554 851
518 240
510 609
745 930
919 772
983 134
270 903
876 728
523 516
868 195
140 117
593 12
403 523
997 530
76 386
283 665
25 243
461 145
813 805
355 586
515 850
465 798
350 990
948 576
386 271
89 136
318 344
943 929
359 882
733 528
664 627
254 332
703 339
479 816
631 217
236 841
853 285
933 153
233 478
190 587
545 567
389 138
830 23
764 353
639 359
475 860
616 683
457 473
849 767
510 47
587 972
19 16
575 151
754 93
423 250
559 90
224 739
965 201
666 390
747 414
643 741
650 37
802 348
113 24
448 770
214 452
432 18
55 854
247 553
23 538
153 10
339 432
769 143
943 757
538 310
905 470
902 845
13 591
615 637
566 551
608 223
177 475
640 730
818 724
357 17
151 641
179 91
535 392
853 964
770 861
684 264
377 305
69 308
446 86
376 797
290 43
166 217
311 379
413 908
514 622
722 97
87 972
981 846
83 571
73 612
820 992
466 169
826 721
321 199
950 704
724 94
476 712
877 876
851 60
675 175
467 168
487 769
894 332
769 857
639 191
551 320
393 652
371 160
645 756
362 204
859 59
233 221
648 598
830 347
361 33
77 379
928 207
512 38
368 740
73 731
188 707
132 347
510 571
812 599
744 464
819 243
227 182
993 697
849 964
833 600
924 237
395 999
677 206
591 928
425 645
747 696
235 993
990 576
121 303
530 873
367 130
448 51
33 536
827 865
252 298
422 833
352 641
725 930
813 262
438 96
706 520
776 609
216 153
822 916
101 28
582 993
75 257
525 994
981 8
77 494
551 313
854 265
981 637
696 900
164 295
296 215
778 464
863 151
689 709
650 102
645 548
961 199
156 782
855 665
303 106
12 575
367 148
116 343
674 840
59 856
283 51
330 990
138 199
443 427
134 414
422 493
81 696
975 350
628 658
166 477
553 564
224 928
444 967
315 140
614 95
86 773
243 94
30 149
398 873
670 568
561 843
808 868
455 922
865 333
827 670
709 870
410 745
235 596
654 559
87 749
315 464
780 251
247 824
13 643
703 857
225 530
104 799
7 642
140 907
993 661
819 24
66 510
79 234
87 846
593 934
592 95
12 840
264 314
824 260
818 450
520 153
516 93
219 306
939 446
437 355
447 71
195 352
338 86
491 241
551 572
381 934
914 921
863 343
789 12
425 245
513 972
840 179
674 860
491 616
55 739
769 396
837 525
66 113
153 113
501 600
917 892
263 224
862 3
961 709
132 417
226 251
88 440
385 586
156 469
826 604
720 404
882 581
306 8
872 587
865 331
887 175
209 950
809 487
373 530
111 510
990 231
728 172
458 701
791 47
544 368
257 771
637 752
254 294
710 734
577 83
554 306
357 446
168 913
716 839
703 130
652 134
591 778
559 924
465 637
431 59
941 642
344 446
429 115
480 134
642 539
673 331
820 827
338 726
262 975
805 421
40 245
845 598
681 206
71 658
274 350
392 743
981 397
769 175
37 850
285 532
413 884
569 890
994 712
386 952
288 355
618 993
91 350
674 744
941 292
140 939
576 164
895 51
621 161
939 537
538 747
718 744
661 259
609 143
129 795
782 83
962 294
430 346
491 937
653 640
567 433
367 564
387 435
883 750
342 90
190 533
129 608
553 247
348 574
857 495
802 747
128 903
730 259
632 692
800 930
417 177
487 654
481 553
447 740
821 245
549 367
976 588
330 470
685 147
162 365
900 780
317 455
156 625
561 546
749 269
104 278
128 71
749 405
333 348
824 80
104 153
775 396
683 155
587 992
144 969
315 395
454 854
703 834
320 483
946 273
822 941
610 345
470 63
327 561
497 622
107 883
845 324
675 607
18 106
675 256
273 272
147 450
756 1
512 27
401 537
108 982
826 797
654 333
455 121
126 819
79 467
412 604
491 632
833 456
413 546
291 972
749 33
916 343
574 126
224 396
503 673
190 45
853 752
496 62
220 834
566 306
703 805
580 317
8 973
953 226
628 999
656 475
568 654
415 710
593 562
240 530
257 200
856 48
926 741
720 377
826 622
1 170
322 180
178 528
487 471
469 419
545 215
715 322
456 169
953 614
630 868
689 247
616 455
107 414
590 330
37 950
258 126
903 985
412 760
294 162
745 674
334 769
972 973
943 97
860 828
572 941
425 423
427 386
61 797
857 585
713 907
676 479
429 211
876 953
975 943
946 972
728 353
631 430
441 471
739 209
556 512
431 404
438 637
629 211
196 14
953 31
893 683
204 84
972 569
43 894
937 747
275 736
100 308
168 982
612 537
818 292
40 922
816 140
862 741
600 813
153 513
363 641
650 301
301 111
451 716
252 862
953 414
745 456
654 161
674 432
67 820
834 5
536 992
743 908
410 992
769 110
784 132
180 538
430 821
177 131
752 996
682 530
195 818
749 760
708 358
207 12
913 399
956 31
393 274
752 897
922 72
886 637
872 128
625 862
602 532
169 540
86 175
632 195
968 253
201 900
905 776
747 572
784 574
82 80
885 546
699 120
762 291
433 360
919 190
239 982
263 749
134 561
186 443
725 784
298 237
743 556
610 510
803 599
440 267
433 684
811 614
377 612
820 377
612 670
757 226
694 692
632 609
857 40
917 216
515 645
336 515
342 28
919 283
405 195
561 234
558 4
694 105
696 437
310 290
351 385
740 773
580 808
856 677
250 245
664 937
674 554
559 59
285 43
47 443
510 692
556 848
126 421
782 74
696 879
769 10
903 340
148 391
820 776
5 939
744 677
538 873
205 909
370 260
990 955
336 363
795 847
758 313
736 946
252 799
739 853
262 148
648 602
385 264
658 861
475 611
301 55
775 916
431 535
894 540
799 540
454 842
74 839
25 851
310 214
797 788
310 694
380 134
287 662
582 3
258 360
386 730
803 125
737 782
402 82
185 744
377 203
593 902
273 272
540 117
696 280
245 166
625 565
637 622
251 634
793 643
720 587
383 561
463 59
908 12
495 423
617 342
313 969
73 190
51 180
611 784
463 31
544 89
221 851
470 101
690 259
200 247
59 288
236 590
214 54
301 972
608 59
694 626
726 893
134 978
187 216
272 155
712 574
764 734
159 766
446 873
485 502
505 696
420 231
43 531
916 328
251 854
169 113
641 120
853 252
141 368
591 463
280 553
861 641
709 110
29 547
653 272
839 551
741 505
73 608
422 327
752 131
20 77
126 334
12 164
664 546
789 478
889 25
916 931
861 197
99 839
742 853
306 656
878 224
259 607
10 38
520 733
33 931
993 879
355 498
481 731
847 507
98 859
843 632
194 667
382 419
585 782
936 574
743 405
459 558
342 760
153 962
7 946
992 628
484 130
654 404
452 615
620 82
807 84
334 443
640 758
421 321
739 214
975 422
830 528
957 620
793 353
941 54
478 973
192 742
925 720
553 276
652 435
920 252
983 548
765 435
116 34
101 933
259 839
744 731
553 457
278 699
544 595
148 798
55 59
514 618
283 963
298 764
330 437
617 420
821 77
70 815
604 941
668 715
970 988
659 266
629 849
448 712
648 122
664 920
782 659
569 629
837 7
66 142
864 90
899 812
237 716
305 814
214 961
694 352
821 215
255 13
698 985
422 996
685 993
111 761
630 469
692 369
402 212
956 110
357 888
485 283
474 941
449 288
374 190
478 153
286 897
196 981
722 975
477 720
362 694
831 290
95 400
941 62
913 373
795 990
35 953
212 905
97 446
812 517
47 556
241 648
161 241
270 412
992 750
18 870
306 536
294 895
996 990
503 351
234 905
931 736
650 626
447 387
1 957
824 806
713 808
528 799
771 274
389 165
122 866
772 64
873 454
295 1
681 800
86 710
148 452
443 517
278 280
682 252
801 821
841 288
783 327
614 791
566 850
789 726
449 507
393 141
544 407
949 446
818 425
324 436
965 879
925 337
522 709
733 855
243 611
147 516
987 308
696 230
118 451
637 808
40 478
857 964
522 982
105 702
803 471
777 647
526 478
708 617
507 132
939 972
591 125
144 473
385 782
93 351
126 577
417 950
283 214
72 626
138 591
128 61
758 782
730 294
987 765
40 608
487 793
967 407
638 185
166 562
159 796
454 413
214 359
744 111
93 571
262 441
447 664
313 40
728 620
993 741
839 481
296 186
236 365
410 188
104 440
70 216
816 828
352 98
130 553
355 79
707 229
783 749
229 866
81 782
283 673
101 992
89 794
175 847
59 938
578 764
628 360
637 889
992 179
683 517
947 933
110 266
892 698
312 315
787 82
572 856
917 253
312 263
275 697
105 720
179 437
917 217
179 846
172 63
842 175
470 403
267 909
200 708
138 510
451 330
355 20
59 855
654 100
411 3
57 403
234 548
151 602
591 646
849 220
507 43
51 565
858 115
210 908
737 469
656 223
931 607
482 816
933 997
438 778
908 82
423 156
837 311
51 206
91 581
456 830
200 360
426 128
321 37
27 782
959 34
787 16
805 187
54 833
116 728
937 475
837 197
483 621
517 406
678 441
831 975
941 448
531 569
900 462
57 176
490 611
627 714
994 498
250 336
872 454
249 912
750 605
357 270
873 892
996 458
363 129
756 800
775 73
308 251
731 995
784 767
97 701
231 51
868 902
370 941
465 887
501 45
397 5
355 47
155 84
728 916
754 513
330 666
144 127
261 12
503 379
553 470
74 580
981 200
723 485
992 122
291 373
767 641
321 340
637 696
14 937
483 255
632 66
140 596
972 59
447 482
525 687
935 167
767 402
417 352
598 530
471 215
130 367
467 248
894 98
342 817
861 23
964 775
696 78
707 645
97 740
846 318
225 622
227 169
653 147
3 319
658 141
487 187
683 359
744 633
214 791
327 631
234 725
199 200
771 72
269 487
887 667
967 999
765 709
849 607
327 615
920 138
389 253
238 627
584 656
866 587
696 959
376 783
192 68
132 275
13 990
395 429
437 967
839 432
228 700
952 41
116 240
689 67
208 422
457 551
987 594
828 730
91 166
598 745
122 889
443 380
96 406
371 194
962 385
620 347
422 970
205 55
666 275
741 197
55 231
795 197
770 535
149 905
466 200
831 214
935 857
330 114
23 112
615 138
805 893
392 698
479 121
206 857
953 598
244 440
992 487
233 33
939 862
473 780
620 74
831 310
69 661
519 299
318 327
470 38
433 892
559 869
257 777
78 882
673 513
683 530
410 624
672 346
824 188
367 249
469 826
884 379
881 420
461 586
37 97
799 295
440 3
855 66
538 191
666 389
650 351
471 33
23 95
739 454
281 544
927 229
860 320
401 393
462 274
728 849
155 692
194 737
939 873
736 914
633 438
344 61
35 663
745 731
469 586
990 895
488 995
772 662
965 245
514 350
620 791
625 787
770 205
571 18
978 975
381 674
373 419
408 6
499 631
969 640
713 402
902 836
151 226
646 119
480 315
685 667
91 760
973 126
315 559
969 814
123 210
498 826
117 860
280 758
243 59
530 196
446 677
279 264
498 944
417 992
823 666
497 594
936 401
725 613
138 893
757 828
863 696
321 674
147 914
708 78
590 972
541 659
680 167
650 396
886 287
79 97
342 464
59 401
144 955
755 225
316 383
423 988
818 185
402 149
670 355
563 148
785 630
240 518
553 854
465 673
195 614
750 281
105 497
407 185
625 485
663 959
653 421
584 847
131 48
27 8
23 782
643 776
806 708
389 84
933 747
306 756
828 511
876 609
310 776
699 666
13 487
374 640
674 27
581 582
868 483
996 630
259 25
71 396
551 911
475 893
8 675
876 342
117 990
626 576
74 144
23 791
270 475
539 319
830 443
680 593
622 912
48 23
365 733
491 670
845 569
512 310
690 899
401 938
515 83
893 700
47 261
783 134
483 791
933 868
298 743
670 311
910 984
836 413
247 380
877 477
631 837
437 917
421 899
37 291
404 653
496 523
396 616
720 86
663 603
256 389
982 820
868 188
175 372
140 660
337 870
327 129
588 690
115 131
764 783
659 961
686 982
178 214
618 723
88 270
747 501
533 805
507 594
517 699
983 175
467 244
795 130
62 759
312 936
530 586
608 283
873 939
793 585
410 567
535 521
75 734
393 303
115 265
425 410
180 151
429 111
850 269
905 908
427 725
128 805
396 145
169 156
407 842
280 396
783 398
687 772
588 549
591 449
876 943
12 635
548 267
728 733
645 868
473 979
497 212
484 946
752 894
983 585
913 311
227 371
420 353
352 67
665 811
448 806
616 841
870 267
438 801
821 12
535 396
631 948
70 430
953 43
359 946
119 176
172 407
437 101
362 297
920 816
662 441
5 667
662 382
528 126
789 733
979 544
521 431
839 440
64 9
436 597
107 837
961 561
285 823
641 993
778 126
914 460
266 785
419 747
64 614
37 853
869 263
794 355
741 780
280 102
530 12
155 339
6 330
426 799
480 474
295 285
163 556
379 462
685 814
977 389
396 613
569 122
668 618
382 692
47 278
261 414
637 117
57 621
396 210
554 172
311 298
976 836
935 731
484 110
255 726
892 959
158 78
831 625
702 853
985 626
223 175
416 676
883 638
419 826
737 91
108 184
857 262
193 729
839 20
927 517
235 741
500 647
176 933
51 681
811 443
771 458
372 752
104 415
493 108
436 753
419 8
177 572
321 355
172 278
544 15
927 224
210 105
659 272
400 728
374 839
562 294
33 908
729 718
3 379
410 884
634 235
353 625
177 890
33 392
870 816
244 334
33 191
88 889
559 475
704 638
283 864
845 928
986 925
450 602
925 346
107 553
62 525
179 28
845 122
241 813
967 507
57 221
108 410
704 791
708 721
93 262
377 953
676 502
177 882
215 559
405 518
183 919
692 701
257 926
646 274
128 285
66 131
625 145
753 291
219 733
145 104
485 823
982 126
595 393
68 377
631 571
97 718
957 20
625 869
477 262
172 179
796 96
498 700
722 997
689 475
716 457
429 739
934 972
753 227
670 802
255 833
231 843
386 401
480 112
481 757
251 193
531 294
74 361
519 253
638 297
957 23
406 938
245 368
217 982
664 126
291 559
254 696
270 406
979 40
522 480
214 519
116 508
968 899
115 421
507 247
793 586
134 226
24 972
608 756
231 555
419 117
571 713
510 241
927 515
710 736
379 34
491 134
736 419
845 905
796 41
569 766
134 634
310 397
426 778
652 699
202 412
241 520
155 946
584 365
313 251
138 415
274 106
115 7
896 962
54 443
323 809
733 324
922 35
907 475
1 5
37 10
680 706
86 81
5 555
776 590
658 120
142 630
355 55
208 965
512 199
403 869
621 942
355 854
559 604
672 620
56 122
351 930
343 208
227 769
414 473
897 265
116 653
933 155
692 66
420 265
820 216
37 967
747 681
713 518
961 987
674 24
826 627
503 728
587 720
670 177
399 648
494 962
771 3
245 992
484 345
923 784
982 327
618 741
276 90
15 500
172 52
909 499
270 841
733 296
140 864
138 728
699 61
33 681
29 753
933 166
54 528
217 628
689 469
737 228
712 59
588 810
559 690
96 884
74 110
597 348
451 93
283 64
979 113
905 43
620 909
782 530
45 475
925 324
149 3
105 881
885 500
488 885
419 821
683 245
846 205
186 826
696 477
484 854
833 831
628 696
4 301
500 955
33 268
397 427
502 314
163 784
547 158
895 385
369 988
640 465
522 523
108 299
775 718
641 997
374 469
47 312
158 585
320 548
912 815
504 716
212 616
77 845
577 195
315 793
754 559
63 861
562 283
101 556
311 541
382 609
642 905
525 591
191 41
999 234
706 851
247 596
665 147
533 396
379 402
976 822
45 126
571 771
549 336
425 815
59 694
459 437
806 839
956 654
334 574
820 561
763 736
148 696
973 166
348 992
78 795
435 407
629 709
707 559
393 547
66 517
89 153
747 49
158 399
360 450
544 917
992 905
153 251
856 467
776 362
860 818
530 612
368 307
33 551
148 811
728 817
934 330
4 916
848 639
706 740
476 153
700 425
650 869
475 608
147 392
35 846
134 79
913 720
983 709
496 518
285 145
115 667
469 943
528 806
91 230
599 436
173 158
212 876
846 479
248 637
314 574
38 158
957 9
132 208
410 822
588 706
239 994
38 243
828 75
713 675
725 64
299 694
43 687
10 479
569 186
522 799
587 741
999 853
247 464
