10 1
100
220
75
254
10
29
137
56
110
217
150
122
1
62
200
248
9
21
152
177
240
95
134
206
29
160
234
4
209
144
202
113
8
203
218
135
229
161
105
127
239
122
41
83
209
223
232
72
63
214
254
167
247
130
180
112
62
79
203
223
161
184
4
136
146
124
23
213
77
134
108
218
221
255
15
72
37
92
3
120
201
225
69
190
167
196
221
170
67
51
69
249
109
233
239
184
225
8
250
198
134
251
112
221
116
177
75
254
170
116
170
126
172
168
86
106
180
118
64
151
159
33
99
101
129
214
13
142
230
81
204
31
163
169
149
227
240
225
55
223
66
119
232
241
10
179
72
181
117
192
121
246
204
35
186
255
136
153
42
2
30
19
178
93
190
133
2
109
171
216
248
235
93
187
20
92
90
128
176
167
64
30
186
218
250
129
2
138
50
254
214
68
65
14
15
17
177
116
164
101
77
21
115
122
23
216
134
48
193
155
80
140
248
144
151
192
212
96
80
107
36
86
156
115
143
185
209
73
137
201
228
55
171
31
4
85
27
143
16
16
161
124
129
50
103
253
91
46
190
171
207
224
90
160
235
37
196
200
153
38
11
112
117
219
32
248
23
7
116
10
171
251
53
249
146
120
205
150
140
189
229
146
5
15
111
212
121
196
62
175
206
55
72
188
98
134
57
196
16
137
173
241
241
130
23
65
19
132
169
20
67
216
246
4
4
221
129
47
34
220
29
162
144
42
90
200
25
69
26
122
114
2
48
65
172
63
23
115
68
216
161
139
145
0
59
112
51
121
84
60
26
94
162
136
222
69
229
112
156
45
44
125
186
168
161
92
199
163
33
138
73
23
58
192
226
25
200
122
101
207
131
170
219
120
11
219
194
169
22
57
204
9
63
228
140
204
199
100
233
157
155
214
232
15
187
78
221
13
220
234
126
218
189
199
211
18
130
246
43
58
162
147
116
204
159
104
101
211
197
233
127
16
246
237
215
161
67
59
10
232
150
75
219
49
22
62
74
29
196
88
76
51
210
106
64
48
222
91
130
186
37
153
173
181
62
241
238
77
54
246
150
62
229
148
154
20
115
94
129
110
98
4
125
194
149
199
229
253
165
240
152
29
249
145
1
241
122
245
60
74
184
208
80
81
208
140
123
23
87
28
135
46
59
20
217
247
153
116
86
163
223
224
220
57
37
236
90
15
25
9
41
186
87
13
147
228
31
63
60
42
46
196
53
31
106
27
0
13
237
32
110
191
159
68
197
144
105
217
198
252
175
223
105
240
51
23
12
203
203
170
248
136
221
135
195
6
187
22
135
145
110
95
233
217
250
20
1
80
142
58
73
20
181
115
134
189
191
85
30
61
7
149
46
51
53
171
134
65
9
252
121
20
235
111
211
91
128
84
237
70
163
225
143
126
119
174
130
190
12
196
167
71
224
36
13
201
135
237
123
48
252
5
50
233
123
7
134
137
186
180
37
182
77
112
224
15
56
86
82
27
204
116
172
253
141
166
79
244
25
203
197
33
185
181
237
19
87
101
217
84
115
207
13
48
59
35
39
60
88
232
194
213
98
172
37
43
95
109
224
157
76
93
9
217
38
71
4
79
252
117
24
72
52
118
157
57
66
158
231
203
151
79
191
64
204
235
87
190
213
193
8
158
179
226
102
125
197
227
233
165
133
218
76
211
207
20
245
198
109
103
165
37
82
172
74
143
185
106
223
185
29
73
46
194
140
234
223
124
251
228
194
163
37
174
106
135
56
7
125
196
177
119
238
174
8
99
21
213
184
152
249
58
84
163
183
21
12
196
100
69
185
250
25
3
231
235
80
124
230
137
148
188
116
6
36
146
0
253
32
139
144
212
105
43
209
101
210
29
227
116
70
191
103
162
115
109
96
101
135
253
186
131
54
97
140
183
129
60
203
158
211
124
133
22
218
4
176
191
74
80
87
98
147
240
29
63
87
31
240
207
200
128
46
49
154
89
29
232
171
224
236
144
93
233
46
251
111
21
132
236
54
21
139
247
208
183
238
18
108
179
198
223
195
241
123
202
200
16
28
21
120
162
155
133
15
242
63
132
65
50
65
139
54
141
120
138
30
240
60
207
63
128
65
10
145
108
52
40
167
208
96
201
104
52
32
51
60
32
133
252
184
171
91
26
24
226
129
222
30
157
200
143
145
192
209
229
181
248
177
23
237
79
184
238
82
157
198
183
37
185
93
71
197
211
49
181
127
6
36
90
203
201
48
88
109
149
82
86
105
119
6

