10 5
100
21
128
155
126
16
92
165
172
64
109
38
60
232
246
197
220
83
234
82
41
251
141
83
208
21
66
51
92
60
30
169
84
129
180
210
39
238
186
80
180
41
142
202
175
53
166
127
108
87
146
16
200
181
76
36
49
170
186
8
174
43
107
212
78
135
94
125
159
146
117
196
140
13
216
9
209
4
230
235
87
14
239
136
154
215
218
94
140
0
114
73
212
78
27
179
69
122
210
184
7
54
215
223
187
37
49
68
95
217
1
245
192
27
84
106
97
190
46
125
231
201
180
78
150
74
79
253
245
220
0
148
91
215
15
248
195
227
173
9
234
128
96
34
240
149
125
173
33
142
125
57
199
34
238
237
98
9
164
181
177
181
204
118
20
17
131
250
187
36
225
245
89
95
237
172
21
113
129
119
35
77
153
85
227
117
124
100
70
51
148
234
48
147
135
107
92
71
3
34
202
45
237
92
105
66
219
214
166
107
182
196
250
231
167
194
190
153
240
28
13
187
144
145
6
99
83
106
29
152
213
208
12
147
104
213
190
198
111
11
37
105
221
118
101
166
7
99
136
71
211
45
24
94
8
94
62
94
68
44
28
176
168
63
17
5
156
66
255
61
220
211
240
188
250
51
49
197
28
203
2
121
252
191
141
101
218
242
97
253
255
9
41
24
39
25
78
139
230
129
201
61
245
56
40
183
22
248
175
224
55
233
207
223
164
40
206
182
100
135
217
50
162
72
149
78
95
166
221
45
251
107
81
14
244
210
138
132
204
247
45
26
51
162
179
41
153
220
190
0
223
78
167
110
66
221
4
87
20
180
40
128
27
234
62
203
235
235
157
199
156
181
96
60
48
17
7
55
159
190
23
32
109
165
59
81
65
228
113
4
60
234
40
103
254
25
239
78
114
205
9
240
144
28
243
12
217
210
56
75
103
121
165
188
108
196
239
209
190
104
85
54
156
70
224
212
163
35
22
97
117
41
222
41
79
72
97
73
219
117
190
235
129
35
239
8
185
138
160
156
20
195
224
94
78
67
181
244
102
47
65
149
106
213
6
89
190
125
205
242
74
142
254
152
77
141
59
253
56
207
17
119
157
184
42
245
32
54
86
202
92
35
173
66
221
178
221
214
18
144
161
19
110
108
98
206
176
160
219
116
35
192
44
83
155
117
207
209
206
171
116
48
199
195
157
7
84
124
38
102
210
156
242
125
45
66
89
221
55
119
28
191
84
95
209
68
237
98
91
151
162
228
227
236
211
228
70
32
115
210
200
86
202
182
157
26
48
194
229
177
100
18
129
102
91
188
163
124
23
172
42
144
204
210
122
107
149
84
218
77
106
154
104
183
109
75
234
248
176
121
203
241
48
49
129
231
178
155
137
224
78
155
98
241
15
41
135
228
185
2
136
81
133
52
218
209
126
76
203
21
100
125
182
195
134
71
159
33
79
59
85
12
183
18
61
117
255
49
188
26
200
145
232
212
121
105
44
105
249
217
187
71
117
207
149
111
243
99
193
13
60
114
217
142
168
145
149
191
134
217
36
71
98
250
246
114
128
71
44
144
117
221
37
44
1
87
90
150
118
3
134
194
46
54
202
81
228
181
68
154
147
167
114
254
80
42
181
138
85
218
116
174
106
100
72
120
160
156
182
47
154
168
133
63
73
50
28
255
123
124
145
150
252
54
105
157
221
149
0
152
248
53
192
180
103
147
178
80
14
219
51
251
1
35
223
234
196
241
98
198
144
24
241
6
21
33
70
239
6
5
137
220
229
38
134
46
144
117
9
197
174
213
162
27
4
160
220
126
166
184
96
133
61
144
157
1
255
169
58
185
138
202
112
166
202
115
137
244
55
96
202
74
64
195
203
208
112
164
103
6
136
203
97
169
217
100
150
79
103
85
55
170
206
86
137
105
158
179
210
217
213
92
118
1
80
94
82
147
237
183
33
125
102
150
174
182
177
170
5
236
100
63
31
144
171
131
68
46
100
229
93
104
14
48
97
96
95
227
188
100
85
45
249
193
20
100
178
253
175
63
188
253
53
55
232
138
118
155
196
92
217
169
221
239
140
182
158
205
11
147
159
7
9
91
105
109
45
81
79
154
207
42
252
106
193
167
196
85
42
26
152
190
140
110
224
10
63
59
4
197
62
128
175
49
47
146
104
167
213
196
164
152
233
247
73
221
60
135
39
102
56
192
36
98
74
133
108
58
209
56
245
132
75
151
229
24
173
75
4
205
10
218
52
186
69
53
224
45
208
207
110

