928671280
1000
100143035
134446064
392910269
849407217
447162255
791905994
74990297
695350340
705410888
184155550
486421194
39074593
382999258
610413238
771642776
142442703
1012645938
437876106
821333171
406548620
624266838
536101355
880763425
740771297
621747946
264072
639536225
288627720
293239707
425618632
123204429
1017508226
497288507
159413122
633142816
953870586
902461947
529787847
1011237406
279958452
791231580
962258175
749398082
584894124
307691072
216915195
937567642
310491574
623103851
1030321996
225353598
717559009
484624009
607099188
939385322
84718296
569814284
867511747
571342350
1010292621
418375360
806594512
978818455
414704716
863834446
837427868
993507469
241728449
939702395
1011231209
462014047
307128152
717173370
1047388380
76294438
52914999
980987048
827200752
323058995
276372935
392575577
989613079
276157720
599848231
1036712312
662929082
279664673
95488997
165460529
161419204
789628725
181489044
859374963
937772943
284342609
504740624
708189651
170795073
607959479
1072883085
334802800
754678020
815721437
73917424
373975369
445985807
671759081
219015058
418653596
877046049
665604702
143085162
378294406
211795309
296361257
875479980
1007186098
916737280
833519938
826154741
190934317
1003485981
823821063
397522349
515940068
105476381
751885988
800804528
481755983
974724880
314812485
461217137
757430758
166437802
1007554602
853088338
44618020
415813484
901624062
638430270
987152382
9875544
1024217559
262355499
770462458
456713337
1021322477
488994214
745261248
670315854
900331342
997568342
654822930
136252936
412042767
686943287
741159449
505971700
577168614
265192733
638799263
753159651
538677267
8486722
833142234
28786504
20924025
537710914
489213996
705171837
731562780
663282289
635820309
990086814
620133522
280721561
854233594
457187618
570052775
801898897
129326817
573182140
893062829
68149759
978486084
353443187
1020660366
700271719
1029647564
125660058
774543767
323161633
13242010
74747077
813752279
1023351134
224408689
471463784
290981632
543856254
312378300
142160045
999184493
33258403
849347574
256141780
834997460
760488339
904023698
378629757
133268276
167685587
848206958
648164174
17499188
921118184
460617324
707256059
698760069
346789053
1026532879
479640
399257529
332064179
569395594
477534600
314032108
537350710
589250025
1039604358
757842167
927182337
712477432
936324061
952187242
970611443
483955466
676306237
109227886
466620190
482693604
443065693
802831703
590929577
45076706
487531217
827757923
767882279
11731079
753903300
643817072
233251415
804041783
590815809
988377966
1009085861
232156530
301520197
592403540
170984743
321776525
75865350
36621696
955868987
578990999
757106413
518813551
542402640
426411878
257827482
733504105
410435751
222060652
816760357
331370150
549188095
469133073
499720001
835427253
77784631
506085541
653058821
914169755
997998633
1059080485
35439719
9857837
989314494
56701565
923775600
406649108
854311097
801943104
366541725
172468853
228613748
834503479
586034669
61528529
896792307
426266877
958682344
432169695
1006292527
819405322
356527930
617898308
516590042
285033761
944202794
950023565
654927805
182533207
171128757
872021417
925575159
327203151
488106343
761313118
293906599
421471566
593586768
1042219938
535501545
501082042
959881318
114283677
265590600
885010847
239091810
858305333
1030034072
406703261
14256000
659829652
902824026
977179891
833743466
561970414
131479668
716664329
694646388
693082787
683578960
80617926
511299416
731218429
244725807
360536663
605389159
993789283
819364938
978403908
600913733
96579370
183115161
255629590
82008864
864764976
465876222
470487651
488469479
1065447479
392809389
465230935
469986939
599099989
242360848
915139101
458627181
156245060
548301505
850702297
650190952
755304776
872828590
282502074
456763450
949765142
359020168
445724113
100679006
574225173
878728581
55255606
266558448
576746304
480310318
111813217
169448738
302517200
114703862
157468413
995710407
80350977
2476201
1041738033
575805532
187624045
954812595
635926358
456461257
562187368
862852296
501390037
1063581504
13065687
214018080
872922599
530036389
980386598
951910502
419557649
696274949
890928853
645309408
62952284
351831639
1002251325
1050037609
752915530
779758355
400869340
133349916
79377112
569826800
1050228730
921269979
984938874
685101975
362367238
483581445
186801284
598423842
299575414
369870022
697546500
952481947
208393731
253066525
269148210
672216568
669870548
900758145
1070334946
598163048
3199568
174421405
612252304
392248973
260098788
835998049
472202616
289448193
688049442
611420739
132577322
813451181
283775185
902080037
469160841
701825894
610379624
196907626
678271262
352428475
14150476
456548622
756467284
888168463
389351792
410825817
261059504
354746879
31374676
575100692
1040710419
468763947
990284630
1042802998
999222117
393639349
953769467
96387359
256680694
178332621
139139847
459312415
739519826
668401240
896524184
676474185
295649960
944169159
794343711
459299472
684574205
685284017
164160522
88781402
26433940
792092244
952810727
450178195
136073459
376742962
394776850
825830595
1022770259
743802242
848436437
734588991
96488765
157288028
600209574
740789370
769269032
372106717
1060882442
216197674
610311923
620519888
637677338
557817934
656684776
342836749
671894237
1054631036
199543681
994410741
1016360680
491810235
806288434
476255146
741480286
603122252
568290795
458303706
578668577
818200193
510569551
139365488
72348536
197635234
300538032
27627361
891119917
759546019
196296066
387293811
69351106
174350880
501627871
522418302
868263004
779832197
550468556
833415953
247531707
133068042
268550394
825717935
367056656
987607047
842166251
300942625
313987244
896662154
839881135
490754895
1051285136
154862135
846365983
363819117
876539652
217412235
382922481
588177021
738920533
852627630
614242478
430791837
941479575
603109441
411080315
420977077
878540215
324632317
181437333
781024524
195108937
979526662
92991831
708569689
54384970
1033039783
20931592
782841408
365497114
540556057
411573881
673705956
203821916
790547344
259959632
179273198
1030090516
846226474
288680449
151367099
642453171
329875253
541039735
300968420
1009346642
83326598
502590072
966819922
418575597
468639555
682566814
948799652
955659283
131005752
401937476
249771877
986574484
31635107
168949761
909085160
873058786
528381267
675207971
111817553
737471380
743115137
370199844
259215966
600167869
25618718
569058875
91164787
353411584
227016909
288389402
346444336
733829866
922180036
490612085
235199507
429257043
283313314
801784906
73924547
336181012
862635844
1052893406
70961982
83650875
728707750
19595954
116675864
985069687
584623193
153464854
698559623
699816851
1024577707
170768460
483057032
1000503098
584980990
900334952
774092106
495718988
680565890
757055366
170486929
874331428
512402235
55358768
22940296
348596560
1051232562
4902146
476703210
636549371
903303476
637610682
170496509
379675002
330461081
513582821
120271355
709441297
551205068
874135307
953435126
105716562
533102561
753131814
884196973
458720089
386305028
309633516
926293938
179276526
820567079
284072756
298970442
161130686
979140575
495375533
1042309942
876315908
803314613
289665839
422670139
774890548
205393833
485119316
440157052
466897195
589287360
1010630756
824434822
171552817
49932053
497884704
897206361
1050186406
1072979877
252435793
521082250
733267827
438495427
66313614
289555069
951357457
525608659
644364188
333827645
283190399
902858660
435903741
593816349
37551217
9658367
728878064
157892185
44190380
513722159
892145494
54150753
996919076
56971479
1037032322
199455101
14096136
382319482
411901453
620412767
1000095824
747640276
261860647
638054221
820697117
928930888
390725349
257672575
928434880
257834692
361282049
199880671
904459593
68251413
327344546
945204860
978546123
103543373
463421942
120378523
1008313311
903675836
518808030
900818008
193936604
404294140
739792399
722970533
1015748405
284463969
244411165
207847572
741003746
612003688
8708686
252248344
1062571932
605291709
600924794
736151619
786103486
449439013
895597384
108157172
380671552
986027703
882187234
280245162
946698822
53126731
558309610
514903510
684839774
390582560
64589444
210715664
874188952
161564098
579624954
231009225
839341981
129997130
534030971
1072334053
516280923
959510133
1063710585
140118835
957999298
910669090
207078951
104601738
601093220
977724754
400075731
109867055
670040720
755886214
1046013036
324270283
772605383
423216094
944056078
882271150
592508059
924527069
575320886
1039873778
304248254
665359591
569242693
565617263
162142820
269144940
465556669
916785457
546070615
969400007
252105511
299566580
819339914
446936549
558748386
241871619
399083824
628258151
557946993
921519904
869987608
756755902
1066245187
389990590
1054352745
637478971
15117150
989024124
480866129
261860006
661444440
211616396
1010792704
1050837042
70282274
189591658
734919044
430875009
44186822
17303767
925971188
173980406
143934976
280607149
506732273
755130275
510867660
823298615
298045832
293957610
36461975
614736974
271922862
969764478
92104259
493774412
225499462
156052398
615200270
611977071
9954063
686708223
925499932
945572456
32351651
647768167
645774110
207778921
994372748
988416518
14102
982747410
1061588841
890685438
477286883
666538295
849411994
386027118
1039152533
114796526
845118262
1060291158
529956979
518204388
32676092
99718917
221317819
165690785
64362305
506977333
113513849
950288995
985674857
411835093
594378751
448607828
482721098
60229950
779124632
1024393824
886155342
82953905
206583719
773100863
119642517
508349297
663806005
21064212
500354123
735405291
886420305
163546629
104630502
837127624
488237733
691019284
826701657
671795306
1063489642
565822472
115890171
706732978
877357388
924171746
348315930
1031665294
823405472
1057234685
167675009
819640527
852396466
111366030
179685538
792383280
679367586
168549232
516809198
618146273
506081523
371725724
50981582
176254933
86246477
646210752
277294886
100202567
114533278
668857526
351525032
810400696
