165
230
48
122
179
129
16
12
57
8
74
251
234
98
245
244
101
74
65
99
113
68
157
184
173
107
248
250
149
21
49
105
195
191
152
231
29
134
3
17
141
73
48
187
120
17
190
218
69
75
64
219
182
234
30
102
92
34
52
190
212
78
172
32
183
140
190
27
201
45
195
60
86
85
217
11
79
248
193
82
66
92
224
134
187
207
255
29
139
33
155
15
37
13
50
200
220
138
101
112
19
81
218
126
226
121
59
13
139
50
240
170
86
148
221
81
137
221
147
24
133
157
106
4
243
23
126
28
122
254
132
130
159
76
185
171
232
70
150
84
28
80
16
119
218
254
103
28
230
89
36
6
171
149
240
90
237
247
98
227
89
76
148
116
8
49
130
38
120
32
173
169
92
51
161
76
94
182
165
214
65
132
89
58
222
247
108
177
168
218
250
71
205
123
131
147
70
146
103
47
84
3
118
210
218
45
228
245
228
100
113
205
18
241
210
164
225
107
205
56
183
22
241
33
43
58
138
95
214
141
136
32
38
226
129
104
101
78
178
79
0
234
201
122
125
202
20
118
251
59
31
214
45
176
155
159
24
243
30
201
134
66
191
238
177
229
78
249
157
162
66
71
181
105
242
23
164
216
222
80
217
126
124
155
48
52
33
122
87
87
156
112
0
106
121
13
125
27
232
63
131
242
189
246
243
221
82
52
22
41
4
82
152
43
62
133
151
187
191
150
102
83
27
206
38
255
64
27
160
38
14
227
182
227
218
21
112
56
68
123
216
4
199
104
39
144
6
189
170
33
59
222
186
181
206
179
248
99
39
19
11
233
96
121
31
104
116
99
77
174
153
203
74
147
146
66
142
144
103
127
171
83
145
86
23
34
79
17
142
214
111
21
52
103
148
61
255
188
96
75
248
149
45
245
46
100
216
123
223
192
188
35
18
225
173
207
206
239
41
211
38
202
51
15
199
248
173
159
156
248
158
120
45
220
74
119
21
236
214
40
107
225
70
103
142
115
25
224
209
63
174
234
12
245
100
116
78
148
128
86
241
165
199
5
175
73
61
47
175
174
166
111
118
31
196
60
80
184
1
101
30
121
39
74
59
177
231
217
234
148
16
139
36
174
148
245
112
221
237
230
20
56
140
246
184
38
10
175
204
9
121
22
173
110
144
51
18
163
115
122
95
247
123
93
128
145
238
121
163
187
230
25
241
36
224
20
207
242
26
22
113
205
74
121
43
196
240
215
242
206
247
153
231
3
31
101
43
3
168
52
141
118
177
42
218
14
10
163
68
240
145
140
104
67
145
190
129
191
70
1
94
45
138
83
28
249
146
70
63
59
180
40
248
131
69
28
113
57
142
160
179
44
69
118
36
161
102
170
47
173
211
76
25
87
226
141
130
34
25
208
11
139
43
66
125
227
5
124
110
155
201
58
14
228
234
227
187
65
37
84
74
16
183
173
185
184
2
185
207
45
15
143
124
154
60
91
220
174
250
39
104
112
31
213
208
14
53
139
224
244
211
250
101
16
122
60
119
99
163
170
201
159
122
200
95
122
56
20
12
73
5
125
52
24
251
163
204
32
136
168
118
9
45
214
136
229
111
244
95
83
109
168
184
84
27
96
23
182
127
142
12
70
86
225
94
45
124
28
148
67
58
205
230
203
224
115
77
9
124
177
193
246
167
239
249
195
125
61
210
79
39
7
236
7
142
44
98
170
127
220
96
215
104
163
192
171
227
218
179
203
50
27
218
84
205
46
182
255
20
242
251
32
65
202
53
254
204
250
70
71
84
160
214
79
112
0
73
244
188
4
63
37
11
47
100
254
95
253
55
15
144
174
145
248
7
23
208
87
234
171
193
140
61
147
53
77
205
153
197
50
229
0
39
214
223
89
8
156
199
228
214
35
25
246
98
239
229
212
144
59
222
162
165
146
177
238
223
214
4
90
196
54
47
192
54
48
225
30
156
71
26
39
103
115
35
95
132
181
250
216
24
134
32
215
27
150
134
202
10
182
188
75
111
71
209
135
250
7
126
52
151
151
8
247
11
174
12
232
99
77
18
140
133
245
10
37
150
50
196
2
205
51
137
113
138
25
104
110
82
216
55
182
77
207
154
84
99
191
3
17
156
181
3
90
166
201
191
185
255
67
211
5
246
236
44
139
106
68
41
16
108
128
50
17
223
209
176
213
14
29
228
106
150
142
212
140
194
212
63
235
202
226
104
229
7
12
20
143
142
192
114
128
112
205
247
242
33
159
28
194
211
84
252
242
91
10
130
63
235
21
