220
251
21
241
214
208
149
93
250
223
78
75
112
115
241
232
80
46
9
25
195
106
254
221
122
130
15
81
51
217
3
241
55
10
116
23
23
187
208
53
38
231
123
244
29
177
216
65
78
140
171
71
235
202
104
137
75
134
19
221
123
134
4
80
200
103
56
254
48
132
13
23
65
79
124
16
42
110
170
193
169
220
87
9
252
230
28
188
217
116
155
20
234
28
252
117
137
21
17
150
170
80
67
126
135
121
24
148
120
117
122
126
140
216
218
46
20
72
188
162
30
1
172
248
246
189
59
235
52
116
155
193
62
168
144
4
199
20
111
118
6
133
197
200
86
151
4
211
217
211
157
36
15
8
248
106
192
221
18
247
91
57
146
242
32
9
180
212
129
130
153
128
66
0
63
46
21
118
96
47
246
116
84
158
253
132
247
152
64
80
34
43
86
237
231
32
65
0
177
151
107
220
58
163
70
203
139
50
58
240
159
36
29
162
223
163
151
144
65
92
95
33
86
162
147
224
225
79
212
139
122
134
99
156
144
116
220
143
191
105
54
82
206
101
115
42
204
57
126
64
43
141
75
29
129
143
90
159
37
119
204
209
120
215
160
214
185
200
104
236
174
235
101
138
211
234
13
209
25
101
90
130
87
210
30
105
4
142
73
69
211
15
190
190
29
240
139
209
230
137
26
197
25
12
213
227
60
56
144
81
201
122
233
9
196
193
116
207
222
202
204
228
114
127
41
167
8
70
63
200
113
31
55
2
16
186
71
158
191
128
183
8
163
171
48
246
87
224
179
103
65
14
203
169
31
65
237
13
36
226
162
10
128
218
149
4
172
215
147
13
102
115
145
0
135
227
85
63
161
228
201
125
109
108
162
229
240
27
23
67
31
135
197
96
52
73
161
225
143
115
59
63
237
227
101
40
91
105
55
16
68
10
60
123
233
135
167
204
127
223
16
216
232
42
48
165
253
208
250
239
66
161
161
150
46
252
133
186
96
210
122
119
124
139
75
196
5
218
131
201
50
41
232
129
145
219
53
50
76
54
104
79
83
241
50
0
49
31
233
211
97
52
23
209
10
103
59
22
106
123
207
140
32
243
223
179
253
112
62
27
7
20
183
51
93
232
72
91
51
74
0
134
245
129
60
64
72
181
46
121
29
13
137
198
60
32
121
63
117
190
84
196
237
186
109
203
133
238
214
192
171
60
88
32
180
103
158
252
170
254
121
207
26
76
110
37
165
211
184
111
167
246
224
94
51
191
182
37
124
171
207
247
204
90
162
210
159
77
82
133
91
175
130
35
160
136
106
68
112
172
22
26
199
180
186
235
222
64
197
224
74
218
24
88
112
255
37
69
48
144
15
143
4
226
29
62
136
196
229
222
105
56
185
176
129
216
79
153
200
112
91
217
86
106
191
222
177
203
42
153
156
130
198
82
223
74
30
11
223
2
38
45
186
252
27
185
80
157
171
161
30
11
44
37
175
204
29
87
200
210
184
19
112
125
153
223
116
73
98
143
222
4
178
117
186
173
105
172
46
147
145
249
136
93
219
168
181
240
253
194
240
192
124
146
190
32
161
62
51
141
140
29
209
137
124
133
248
92
241
23
166
234
63
229
17
23
2
23
199
238
12
79
223
87
181
43
213
109
7
163
77
203
244
124
31
248
139
77
171
116
33
54
203
25
251
240
177
67
134
216
10
138
246
170
203
228
207
23
39
108
248
171
73
150
248
197
194
200
237
34
218
235
251
23
62
136
33
163
128
79
48
221
93
53
58
229
221
185
37
46
184
47
255
187
249
192
148
135
181
174
49
238
16
15
20
146
226
154
195
237
106
154
82
55
72
92
120
25
20
6
19
135
89
157
223
37
90
205
200
115
187
87
56
29
198
180
92
128
150
122
94
22
101
7
232
183
107
3
176
140
101
129
135
217
125
171
37
210
120
167
189
207
110
145
84
196
224
185
91
201
64
229
131
98
110
115
177
236
93
174
225
30
146
170
4
95
207
119
144
71
187
69
186
5
219
125
233
13
238
93
197
98
190
218
15
120
194
217
48
174
233
211
84
167
250
111
11
149
250
59
8
46
49
76
196
129
212
219
199
20
35
99
251
181
5
221
2
121
194
229
1
39
21
111
127
42
170
138
196
169
253
80
60
213
21
6
26
67
50
62
22
165
142
88
184
132
36
180
51
254
175
57
240
58
232
152
236
90
9
69
214
206
204
152
73
194
249
54
203
82
249
68
55
9
29
20
213
58
21
201
155
109
65
72
63
249
181
98
84
139
48
84
233
14
188
228
145
115
172
163
247
88
57
239
15
98
140
1
134
37
183
208
109
140
184
17
134
204
241
189
43
21
183
149
85
225
177
57
199
122
191
95
12
238
82
118
8
116
196
100
245
85
109
196
18
86
135
250
164
16
233
60
30
224
100
108
105
10
198
101
137
157
74
61
157
69
179
119
228
134
77
173
155
184
7
76
185
198
6
171
