21
128
155
126
16
54
215
223
187
37
45
237
92
105
66
61
245
56
40
183
240
144
28
243
12
19
110
108
98
206
241
48
49
129
231
194
46
54
202
81
133
61
144
157
1
253
53
55
232
138
114
92
165
172
64
109
49
68
95
217
1
219
214
166
107
182
22
248
175
224
55
217
210
56
75
103
176
160
219
116
35
178
155
137
224
78
228
181
68
154
147
255
169
58
185
138
118
155
196
92
217
232
38
60
232
246
197
245
192
27
84
106
196
250
231
167
194
233
207
223
164
40
121
165
188
108
196
192
44
83
155
117
155
98
241
15
41
167
114
254
80
42
202
112
166
202
115
169
221
239
140
182
232
220
83
234
82
41
97
190
46
125
231
190
153
240
28
13
206
182
100
135
217
239
209
190
104
85
207
209
206
171
116
135
228
185
2
136
181
138
85
218
116
137
244
55
96
202
158
205
11
147
159
219
251
141
83
208
21
201
180
78
150
74
187
144
145
6
99
50
162
72
149
78
54
156
70
224
212
48
199
195
157
7
81
133
52
218
209
174
106
100
72
120
74
64
195
203
208
7
9
91
105
109
243
66
51
92
60
30
79
253
245
220
0
83
106
29
152
213
95
166
221
45
251
163
35
22
97
117
84
124
38
102
210
126
76
203
21
100
160
156
182
47
154
112
164
103
6
136
45
81
79
154
207
129
169
84
129
180
210
148
91
215
15
248
208
12
147
104
213
107
81
14
244
210
41
222
41
79
72
156
242
125
45
66
125
182
195
134
71
168
133
63
73
50
203
97
169
217
100
42
252
106
193
167
2
39
238
186
80
180
195
227
173
9
234
190
198
111
11
37
138
132
204
247
45
97
73
219
117
190
89
221
55
119
28
159
33
79
59
85
28
255
123
124
145
150
79
103
85
55
196
85
42
26
152
1
41
142
202
175
53
128
96
34
240
149
105
221
118
101
166
26
51
162
179
41
235
129
35
239
8
191
84
95
209
68
12
183
18
61
117
150
252
54
105
157
170
206
86
137
105
190
140
110
224
10
66
166
127
108
87
146
125
173
33
142
125
7
99
136
71
211
153
220
190
0
223
185
138
160
156
20
237
98
91
151
162
255
49
188
26
200
221
149
0
152
248
158
179
210
217
213
63
59
4
197
62
134
16
200
181
76
36
57
199
34
238
237
45
24
94
8
94
78
167
110
66
221
195
224
94
78
67
228
227
236
211
228
145
232
212
121
105
53
192
180
103
147
92
118
1
80
94
128
175
49
47
146
245
49
170
186
8
174
98
9
164
181
177
62
94
68
44
28
4
87
20
180
40
181
244
102
47
65
70
32
115
210
200
44
105
249
217
187
178
80
14
219
51
82
147
237
183
33
104
167
213
196
164
91
43
107
212
78
135
181
204
118
20
17
176
168
63
17
5
128
27
234
62
203
149
106
213
6
89
86
202
182
157
26
71
117
207
149
111
251
1
35
223
234
125
102
150
174
182
152
233
247
73
221
72
94
125
159
146
117
131
250
187
36
225
156
66
255
61
220
235
235
157
199
156
190
125
205
242
74
48
194
229
177
100
243
99
193
13
60
196
241
98
198
144
177
170
5
236
100
60
135
39
102
56
191
196
140
13
216
9
245
89
95
237
172
211
240
188
250
51
181
96
60
48
17
142
254
152
77
141
18
129
102
91
188
114
217
142
168
145
24
241
6
21
33
63
31
144
171
131
192
36
98
74
133
88
209
4
230
235
87
21
113
129
119
35
49
197
28
203
2
7
55
159
190
23
59
253
56
207
17
163
124
23
172
42
149
191
134
217
36
70
239
6
5
137
68
46
100
229
93
108
58
209
56
245
231
14
239
136
154
215
77
153
85
227
117
121
252
191
141
101
32
109
165
59
81
119
157
184
42
245
144
204
210
122
107
71
98
250
246
114
220
229
38
134
46
104
14
48
97
96
132
75
151
229
24
219
218
94
140
0
114
124
100
70
51
148
218
242
97
253
255
65
228
113
4
60
32
54
86
202
92
149
84
218
77
106
128
71
44
144
117
144
117
9
197
174
95
227
188
100
85
173
75
4
205
10
113
73
212
78
27
179
234
48
147
135
107
9
41
24
39
25
234
40
103
254
25
35
173
66
221
178
154
104
183
109
75
221
37
44
1
87
213
162
27
4
160
45
249
193
20
100
218
52
186
69
53
97
69
122
210
184
7
92
71
3
34
202
78
139
230
129
201
239
78
114
205
9
221
214
18
144
161
234
248
176
121
203
90
150
118
3
134
220
126
166
184
96
178
253
175
63
188
224
45
208
207
110
182
