160
226
130
44
76
120
160
71
231
213
243
200
220
37
1
206
39
245
108
212
64
243
179
166
183
23
206
14
14
28
108
44
152
133
136
13
115
77
192
213
251
208
188
24
212
159
126
29
143
170
57
16
186
202
191
88
23
159
55
214
36
181
217
124
189
57
20
109
129
64
15
79
73
134
207
64
214
22
252
67
63
54
219
17
116
192
52
182
109
35
87
114
201
153
96
249
247
169
160
216
100
60
97
173
14
20
101
121
228
45
17
209
255
208
201
18
219
187
45
232
235
182
161
86
68
154
109
84
193
80
127
207
43
126
169
6
172
178
25
222
247
177
216
137
198
40
238
86
158
244
145
214
103
203
20
223
169
196
109
79
209
32
200
188
132
